FPR	TPR	THR
0.000000	0.000000	1.995943
0.000000	0.000653	0.995943
0.000218	0.000653	0.994541
0.000218	0.005222	0.991663
0.000435	0.005222	0.989757
0.000435	0.005875	0.989063
0.000653	0.005875	0.988645
0.000653	0.015666	0.984745
0.000870	0.015666	0.984631
0.000870	0.016319	0.984370
0.001088	0.016319	0.984325
0.001088	0.019582	0.983491
0.001305	0.019582	0.983378
0.001305	0.020888	0.983359
0.001523	0.020888	0.983196
0.001523	0.023499	0.982662
0.001958	0.023499	0.981974
0.001958	0.030026	0.980169
0.002175	0.030026	0.980107
0.002175	0.033290	0.979648
0.002393	0.033290	0.979517
0.002393	0.035248	0.978330
0.002610	0.035248	0.978080
0.002610	0.041775	0.976894
0.003263	0.041775	0.976057
0.003263	0.042428	0.975888
0.003481	0.042428	0.975872
0.003481	0.043081	0.975702
0.004133	0.043081	0.975198
0.004133	0.043734	0.975190
0.004351	0.043734	0.975007
0.004351	0.045039	0.974957
0.004786	0.045039	0.974654
0.004786	0.046997	0.974260
0.005003	0.046997	0.974227
0.005003	0.047650	0.973910
0.005221	0.047650	0.973897
0.005221	0.052219	0.973386
0.005438	0.052219	0.973115
0.005438	0.056136	0.972713
0.005656	0.056136	0.972706
0.005656	0.056789	0.972540
0.006091	0.056789	0.972498
0.006091	0.060705	0.971611
0.006308	0.060705	0.971220
0.006308	0.063316	0.970780
0.006526	0.063316	0.970755
0.006526	0.065274	0.969663
0.006744	0.065274	0.969660
0.006744	0.069191	0.969167
0.006961	0.069191	0.968802
0.006961	0.071149	0.967985
0.007179	0.071149	0.967837
0.007179	0.088773	0.962721
0.007396	0.088773	0.962578
0.007396	0.090078	0.962325
0.007614	0.090078	0.962208
0.007614	0.090731	0.962190
0.007831	0.090731	0.962061
0.007831	0.093342	0.961624
0.008049	0.093342	0.961523
0.008049	0.095953	0.961246
0.008919	0.095953	0.960699
0.008919	0.096606	0.960493
0.009136	0.096606	0.960483
0.009136	0.103133	0.959500
0.009354	0.103133	0.959500
0.009354	0.105744	0.959011
0.009571	0.105744	0.958958
0.009571	0.108355	0.958514
0.009789	0.108355	0.958492
0.009789	0.109008	0.958456
0.010007	0.109008	0.958390
0.010007	0.110313	0.958277
0.010224	0.110313	0.958210
0.010224	0.110966	0.957975
0.010442	0.110966	0.957899
0.010442	0.112924	0.956796
0.010659	0.112924	0.956575
0.010659	0.119452	0.954903
0.010877	0.119452	0.954388
0.010877	0.120104	0.953796
0.011094	0.120104	0.953712
0.011094	0.122063	0.953150
0.011312	0.122063	0.953148
0.011312	0.123368	0.952931
0.011747	0.123368	0.952319
0.011747	0.124674	0.952173
0.012182	0.124674	0.952051
0.012182	0.129243	0.951352
0.012399	0.129243	0.951334
0.012399	0.131854	0.950919
0.012617	0.131854	0.950790
0.012617	0.132507	0.950679
0.012834	0.132507	0.950596
0.012834	0.137076	0.949346
0.013052	0.137076	0.949297
0.013052	0.137728	0.949293
0.013270	0.137728	0.949085
0.013270	0.138381	0.949034
0.013487	0.138381	0.948948
0.013487	0.144256	0.947439
0.013922	0.144256	0.947225
0.013922	0.146867	0.946846
0.014140	0.146867	0.946482
0.014140	0.147520	0.946401
0.014357	0.147520	0.946375
0.014357	0.150131	0.946065
0.014575	0.150131	0.946051
0.014575	0.154047	0.945030
0.014792	0.154047	0.944641
0.014792	0.156005	0.944506
0.015010	0.156005	0.944484
0.015010	0.167102	0.941842
0.015227	0.167102	0.941681
0.015227	0.171671	0.940535
0.015445	0.171671	0.940334
0.015445	0.172324	0.940330
0.015662	0.172324	0.939663
0.015662	0.174935	0.938754
0.015880	0.174935	0.938673
0.015880	0.177546	0.938429
0.016097	0.177546	0.938224
0.016097	0.178198	0.938217
0.016533	0.178198	0.937797
0.016533	0.184073	0.937119
0.016750	0.184073	0.937039
0.016750	0.186684	0.936624
0.017185	0.186684	0.936568
0.017185	0.191253	0.935984
0.017620	0.191253	0.935503
0.017620	0.191906	0.935376
0.017838	0.191906	0.935328
0.017838	0.192559	0.935079
0.018055	0.192559	0.934997
0.018055	0.204308	0.932883
0.018273	0.204308	0.932846
0.018273	0.206919	0.932115
0.018708	0.206919	0.931851
0.018708	0.208225	0.931759
0.018925	0.208225	0.931724
0.018925	0.209530	0.931657
0.019143	0.209530	0.931606
0.019143	0.210183	0.931450
0.019578	0.210183	0.931241
0.019578	0.211488	0.930935
0.019796	0.211488	0.930927
0.019796	0.214099	0.930145
0.020013	0.214099	0.930111
0.020013	0.215405	0.930074
0.020231	0.215405	0.930070
0.020231	0.222585	0.928688
0.020448	0.222585	0.928523
0.020448	0.229112	0.927107
0.020883	0.229112	0.926671
0.020883	0.230418	0.926547
0.021318	0.230418	0.926050
0.021318	0.232376	0.925956
0.021536	0.232376	0.925732
0.021536	0.240209	0.924631
0.021753	0.240209	0.924492
0.021753	0.240862	0.924449
0.021971	0.240862	0.924413
0.021971	0.242167	0.924232
0.022188	0.242167	0.924203
0.022188	0.244778	0.923878
0.022406	0.244778	0.923844
0.022406	0.246084	0.923741
0.022841	0.246084	0.923569
0.022841	0.249347	0.922841
0.023276	0.249347	0.922511
0.023276	0.250000	0.922496
0.023494	0.250000	0.922415
0.023494	0.265666	0.919021
0.023711	0.265666	0.918796
0.023711	0.272193	0.917485
0.023929	0.272193	0.917436
0.023929	0.273499	0.917159
0.024146	0.273499	0.917064
0.024146	0.278721	0.915494
0.025234	0.278721	0.914889
0.025234	0.285248	0.914060
0.025451	0.285248	0.914030
0.025451	0.286554	0.913897
0.025669	0.286554	0.913890
0.025669	0.288512	0.913651
0.025886	0.288512	0.913648
0.025886	0.291123	0.913067
0.026104	0.291123	0.912905
0.026104	0.293734	0.912140
0.026322	0.293734	0.911923
0.026322	0.296345	0.911665
0.026539	0.296345	0.911405
0.026539	0.300914	0.908680
0.026974	0.300914	0.908555
0.026974	0.302872	0.908456
0.027192	0.302872	0.908284
0.027192	0.304178	0.907471
0.027409	0.304178	0.907202
0.027409	0.304830	0.907085
0.027627	0.304830	0.906999
0.027627	0.305483	0.906917
0.027844	0.305483	0.906859
0.027844	0.307441	0.906724
0.028062	0.307441	0.906661
0.028062	0.308747	0.906580
0.028279	0.308747	0.906422
0.028279	0.310705	0.906292
0.028497	0.310705	0.906191
0.028497	0.311358	0.905821
0.028714	0.311358	0.905653
0.028714	0.315274	0.905194
0.028932	0.315274	0.905098
0.028932	0.317885	0.904566
0.029149	0.317885	0.904552
0.029149	0.323760	0.902236
0.029585	0.323760	0.901690
0.029585	0.324413	0.901397
0.030237	0.324413	0.900964
0.030237	0.333551	0.899090
0.030455	0.333551	0.898777
0.030455	0.336162	0.898350
0.030672	0.336162	0.898250
0.030672	0.338120	0.898090
0.030890	0.338120	0.897979
0.030890	0.338773	0.897556
0.031325	0.338773	0.897438
0.031325	0.339426	0.897306
0.031542	0.339426	0.897193
0.031542	0.340078	0.897142
0.031760	0.340078	0.897138
0.031760	0.340731	0.896825
0.032412	0.340731	0.896520
0.032412	0.341384	0.896255
0.032630	0.341384	0.896101
0.032630	0.342689	0.895748
0.032848	0.342689	0.895707
0.032848	0.348564	0.894113
0.033283	0.348564	0.893653
0.033283	0.349217	0.893609
0.033500	0.349217	0.893528
0.033500	0.350522	0.893171
0.033718	0.350522	0.893115
0.033718	0.351175	0.893020
0.033935	0.351175	0.892550
0.033935	0.351828	0.892300
0.034153	0.351828	0.892277
0.034153	0.356397	0.891481
0.034588	0.356397	0.891066
0.034588	0.357702	0.890669
0.034805	0.357702	0.890578
0.034805	0.359008	0.890155
0.035023	0.359008	0.890021
0.035023	0.359661	0.889954
0.035240	0.359661	0.889911
0.035240	0.365535	0.888620
0.035458	0.365535	0.888587
0.035458	0.366188	0.888358
0.035675	0.366188	0.888243
0.035675	0.371410	0.887011
0.036111	0.371410	0.886920
0.036111	0.372715	0.886642
0.036328	0.372715	0.886518
0.036328	0.374021	0.886318
0.036546	0.374021	0.886048
0.036546	0.375326	0.885117
0.036763	0.375326	0.885094
0.036763	0.377285	0.884771
0.036981	0.377285	0.884670
0.036981	0.385117	0.882939
0.037198	0.385117	0.882938
0.037198	0.386423	0.882858
0.037851	0.386423	0.882651
0.037851	0.387076	0.882572
0.038068	0.387076	0.882560
0.038068	0.388381	0.882402
0.038286	0.388381	0.882340
0.038286	0.392298	0.881423
0.038503	0.392298	0.881319
0.038503	0.394256	0.880717
0.038721	0.394256	0.880670
0.038721	0.396214	0.879732
0.038938	0.396214	0.879577
0.038938	0.399478	0.878996
0.039374	0.399478	0.878520
0.039374	0.403394	0.877306
0.039591	0.403394	0.877243
0.039591	0.408616	0.875910
0.039809	0.408616	0.875846
0.039809	0.411880	0.875049
0.040026	0.411880	0.874629
0.040026	0.412533	0.874594
0.040244	0.412533	0.874407
0.040244	0.414491	0.874110
0.040461	0.414491	0.874060
0.040461	0.419713	0.872650
0.040896	0.419713	0.872409
0.040896	0.421018	0.871819
0.041766	0.421018	0.870761
0.041766	0.422324	0.870378
0.041984	0.422324	0.870220
0.041984	0.423629	0.869197
0.042201	0.423629	0.868407
0.042201	0.424935	0.868311
0.042419	0.424935	0.868212
0.042419	0.427546	0.867621
0.042854	0.427546	0.867542
0.042854	0.428851	0.867499
0.043942	0.428851	0.866592
0.043942	0.429504	0.866408
0.044159	0.429504	0.866209
0.044159	0.431462	0.866128
0.044594	0.431462	0.865945
0.044594	0.432115	0.865878
0.044812	0.432115	0.865869
0.044812	0.433420	0.865716
0.045899	0.433420	0.865221
0.045899	0.435379	0.864820
0.046117	0.435379	0.864626
0.046117	0.436031	0.864605
0.046335	0.436031	0.864343
0.046335	0.439948	0.863238
0.046552	0.439948	0.863157
0.046552	0.440601	0.863060
0.046770	0.440601	0.862891
0.046770	0.441906	0.862795
0.046987	0.441906	0.862786
0.046987	0.442559	0.862530
0.047205	0.442559	0.862287
0.047205	0.443211	0.861813
0.047640	0.443211	0.861769
0.047640	0.445170	0.860965
0.047857	0.445170	0.860773
0.047857	0.448433	0.859828
0.048075	0.448433	0.859781
0.048075	0.451697	0.858763
0.048292	0.451697	0.858509
0.048292	0.454308	0.858064
0.048510	0.454308	0.857480
0.048510	0.456919	0.856805
0.048727	0.456919	0.856368
0.048727	0.460836	0.854956
0.048945	0.460836	0.854605
0.048945	0.463446	0.854322
0.049162	0.463446	0.854084
0.049162	0.464099	0.853953
0.049598	0.464099	0.853739
0.049598	0.465405	0.853177
0.050250	0.465405	0.852742
0.050250	0.466710	0.851887
0.050903	0.466710	0.850971
0.050903	0.468016	0.850813
0.051120	0.468016	0.850767
0.051120	0.469321	0.850059
0.051555	0.469321	0.849533
0.051555	0.472585	0.848836
0.051773	0.472585	0.848621
0.051773	0.473238	0.848613
0.051990	0.473238	0.848607
0.051990	0.473890	0.847339
0.052208	0.473890	0.847318
0.052208	0.474543	0.847159
0.052425	0.474543	0.846769
0.052425	0.475849	0.846579
0.052643	0.475849	0.846336
0.052643	0.476501	0.845449
0.053078	0.476501	0.845404
0.053078	0.479112	0.844557
0.053296	0.479112	0.844301
0.053296	0.479765	0.844233
0.053513	0.479765	0.844155
0.053513	0.484987	0.842615
0.053731	0.484987	0.842545
0.053731	0.486292	0.842008
0.054166	0.486292	0.841759
0.054166	0.488251	0.841415
0.054383	0.488251	0.841327
0.054383	0.488903	0.841175
0.054601	0.488903	0.841074
0.054601	0.489556	0.840555
0.055253	0.489556	0.839989
0.055253	0.490209	0.839977
0.055906	0.490209	0.839298
0.055906	0.490862	0.839253
0.056124	0.490862	0.839193
0.056124	0.491514	0.838686
0.056559	0.491514	0.838344
0.056559	0.492167	0.837579
0.056776	0.492167	0.837524
0.056776	0.494125	0.837267
0.056994	0.494125	0.836538
0.056994	0.494778	0.836537
0.057211	0.494778	0.836313
0.057211	0.497389	0.835464
0.057429	0.497389	0.835291
0.057429	0.498695	0.834848
0.057646	0.498695	0.834136
0.057646	0.500000	0.833824
0.058516	0.500000	0.832440
0.058516	0.500653	0.832115
0.058951	0.500653	0.831619
0.058951	0.504569	0.830768
0.059169	0.504569	0.830688
0.059169	0.505222	0.830628
0.059604	0.505222	0.830432
0.059604	0.506527	0.830010
0.060039	0.506527	0.829377
0.060039	0.507833	0.829043
0.060474	0.507833	0.828621
0.060474	0.509138	0.828365
0.061997	0.509138	0.826802
0.061997	0.510444	0.825767
0.062214	0.510444	0.825762
0.062214	0.511749	0.825203
0.062650	0.511749	0.825111
0.062650	0.513055	0.825032
0.062867	0.513055	0.824822
0.062867	0.515666	0.824364
0.063955	0.515666	0.823099
0.063955	0.516971	0.822712
0.064172	0.516971	0.822561
0.064172	0.517624	0.822492
0.064390	0.517624	0.822469
0.064390	0.520235	0.821549
0.064607	0.520235	0.821407
0.064607	0.520888	0.821028
0.065260	0.520888	0.820087
0.065260	0.527415	0.818204
0.065477	0.527415	0.818090
0.065477	0.528721	0.817420
0.065695	0.528721	0.817282
0.065695	0.529373	0.817138
0.066130	0.529373	0.816954
0.066130	0.530026	0.816732
0.066348	0.530026	0.816673
0.066348	0.530679	0.816545
0.066565	0.530679	0.816489
0.066565	0.531984	0.816166
0.067000	0.531984	0.816050
0.067000	0.532637	0.815974
0.067218	0.532637	0.815924
0.067218	0.533943	0.815282
0.067870	0.533943	0.815059
0.067870	0.535248	0.814624
0.068088	0.535248	0.814160
0.068088	0.536554	0.813598
0.068305	0.536554	0.813564
0.068305	0.537859	0.813180
0.068958	0.537859	0.812011
0.068958	0.540470	0.810643
0.069176	0.540470	0.810570
0.069176	0.541123	0.810239
0.069828	0.541123	0.810111
0.069828	0.542428	0.809715
0.070046	0.542428	0.809677
0.070046	0.548956	0.807562
0.070263	0.548956	0.807508
0.070263	0.549608	0.807395
0.070481	0.549608	0.807197
0.070481	0.551567	0.807044
0.070698	0.551567	0.807036
0.070698	0.552872	0.806644
0.071133	0.552872	0.806085
0.071133	0.554830	0.804593
0.071351	0.554830	0.804458
0.071351	0.555483	0.804332
0.072003	0.555483	0.804004
0.072003	0.556136	0.803999
0.072221	0.556136	0.803957
0.072221	0.557441	0.803487
0.072439	0.557441	0.803015
0.072439	0.558747	0.802485
0.072874	0.558747	0.802341
0.072874	0.559399	0.802039
0.073091	0.559399	0.801829
0.073091	0.565927	0.800630
0.073309	0.565927	0.800248
0.073309	0.566580	0.800138
0.073526	0.566580	0.800123
0.073526	0.567232	0.800008
0.074179	0.567232	0.799150
0.074179	0.568538	0.798741
0.074396	0.568538	0.798610
0.074396	0.571149	0.796410
0.074614	0.571149	0.796031
0.074614	0.572454	0.795919
0.074831	0.572454	0.795747
0.074831	0.573107	0.795691
0.075266	0.573107	0.795475
0.075266	0.573760	0.794555
0.075484	0.573760	0.794536
0.075484	0.576371	0.793543
0.076137	0.576371	0.792433
0.076137	0.577023	0.792212
0.076354	0.577023	0.791794
0.076354	0.579634	0.790516
0.076572	0.579634	0.790450
0.076572	0.580287	0.790190
0.077224	0.580287	0.789424
0.077224	0.580940	0.788795
0.077442	0.580940	0.788611
0.077442	0.581593	0.788435
0.077659	0.581593	0.788140
0.077659	0.582898	0.787986
0.077877	0.582898	0.787627
0.077877	0.588120	0.785269
0.078529	0.588120	0.784739
0.078529	0.589426	0.784032
0.078747	0.589426	0.783865
0.078747	0.590731	0.783409
0.079182	0.590731	0.783075
0.079182	0.592037	0.782190
0.079400	0.592037	0.782025
0.079400	0.595953	0.781386
0.079617	0.595953	0.781304
0.079617	0.596606	0.781193
0.080052	0.596606	0.780498
0.080052	0.597911	0.779839
0.080270	0.597911	0.779662
0.080270	0.599217	0.778857
0.080487	0.599217	0.778670
0.080487	0.601828	0.778323
0.080922	0.601828	0.777765
0.080922	0.603786	0.777712
0.081357	0.603786	0.776870
0.081357	0.605744	0.776088
0.081575	0.605744	0.776062
0.081575	0.606397	0.775501
0.081792	0.606397	0.775299
0.081792	0.607050	0.774406
0.082010	0.607050	0.774310
0.082010	0.607702	0.773976
0.082663	0.607702	0.772921
0.082663	0.609008	0.772803
0.082880	0.609008	0.772598
0.082880	0.610313	0.772158
0.083098	0.610313	0.772094
0.083098	0.611619	0.771860
0.083315	0.611619	0.771848
0.083315	0.613577	0.771146
0.083968	0.613577	0.770437
0.083968	0.614230	0.769910
0.084185	0.614230	0.769788
0.084185	0.616188	0.768813
0.084838	0.616188	0.768202
0.084838	0.616841	0.768134
0.085055	0.616841	0.767150
0.085055	0.618146	0.766820
0.085491	0.618146	0.766079
0.085491	0.620757	0.765428
0.085708	0.620757	0.764804
0.085708	0.622063	0.764482
0.086143	0.622063	0.763998
0.086143	0.622715	0.763563
0.086796	0.622715	0.762915
0.086796	0.624021	0.761544
0.087013	0.624021	0.761395
0.087013	0.626632	0.761003
0.087231	0.626632	0.760619
0.087231	0.627285	0.760330
0.087448	0.627285	0.760041
0.087448	0.628590	0.759996
0.087666	0.628590	0.759966
0.087666	0.631854	0.758886
0.087883	0.631854	0.758816
0.087883	0.633159	0.758139
0.088318	0.633159	0.758008
0.088318	0.634465	0.757465
0.088536	0.634465	0.757339
0.088536	0.635117	0.756973
0.088971	0.635117	0.756723
0.088971	0.637728	0.754988
0.089189	0.637728	0.754887
0.089189	0.638381	0.754876
0.089406	0.638381	0.754558
0.089406	0.639034	0.754365
0.089841	0.639034	0.753350
0.089841	0.642298	0.752265
0.090059	0.642298	0.752085
0.090059	0.644256	0.750890
0.090276	0.644256	0.750838
0.090276	0.649478	0.748331
0.090711	0.649478	0.747841
0.090711	0.650131	0.747021
0.090929	0.650131	0.746991
0.090929	0.650783	0.746917
0.091364	0.650783	0.746629
0.091364	0.655352	0.744745
0.091581	0.655352	0.744490
0.091581	0.657963	0.743530
0.092234	0.657963	0.742126
0.092234	0.665796	0.738214
0.092887	0.665796	0.737968
0.092887	0.667102	0.737457
0.093539	0.667102	0.736272
0.093539	0.667755	0.736095
0.094192	0.667755	0.735177
0.094192	0.669060	0.733658
0.094409	0.669060	0.733449
0.094409	0.671018	0.732568
0.094627	0.671018	0.732389
0.094627	0.671671	0.732281
0.094844	0.671671	0.731613
0.094844	0.672324	0.731594
0.095062	0.672324	0.731501
0.095062	0.672977	0.731155
0.095715	0.672977	0.730527
0.095715	0.674282	0.728570
0.096585	0.674282	0.727131
0.096585	0.675587	0.726920
0.097020	0.675587	0.726643
0.097020	0.676240	0.726487
0.097237	0.676240	0.726417
0.097237	0.676893	0.725357
0.097455	0.676893	0.725022
0.097455	0.679504	0.724314
0.097672	0.679504	0.724112
0.097672	0.680809	0.723357
0.098107	0.680809	0.722981
0.098107	0.682115	0.722473
0.098325	0.682115	0.722260
0.098325	0.684073	0.720703
0.098760	0.684073	0.720652
0.098760	0.687337	0.718878
0.099195	0.687337	0.718709
0.099195	0.687990	0.717933
0.099630	0.687990	0.717220
0.099630	0.688642	0.716824
0.099848	0.688642	0.716777
0.099848	0.691253	0.715674
0.100065	0.691253	0.715035
0.100065	0.691906	0.714427
0.100718	0.691906	0.713755
0.100718	0.693211	0.713137
0.101370	0.693211	0.712913
0.101370	0.693864	0.712692
0.101588	0.693864	0.712626
0.101588	0.695170	0.711632
0.101806	0.695170	0.711280
0.101806	0.695822	0.711249
0.102241	0.695822	0.710645
0.102241	0.697781	0.708926
0.102458	0.697781	0.708763
0.102458	0.699739	0.708437
0.102893	0.699739	0.708103
0.102893	0.701044	0.707818
0.103111	0.701044	0.707815
0.103111	0.702350	0.706380
0.103546	0.702350	0.705981
0.103546	0.703655	0.704647
0.103763	0.703655	0.704469
0.103763	0.704308	0.704043
0.103981	0.704308	0.703764
0.103981	0.704961	0.703509
0.104416	0.704961	0.702459
0.104416	0.706266	0.702165
0.104851	0.706266	0.701609
0.104851	0.707572	0.701395
0.105069	0.707572	0.700911
0.105069	0.709530	0.700507
0.105504	0.709530	0.700074
0.105504	0.710183	0.699690
0.105721	0.710183	0.699273
0.105721	0.710836	0.697794
0.106156	0.710836	0.696116
0.106156	0.711488	0.696003
0.107244	0.711488	0.694006
0.107244	0.712141	0.693696
0.108114	0.712141	0.692493
0.108114	0.712794	0.691295
0.108549	0.712794	0.690325
0.108549	0.714099	0.690000
0.108767	0.714099	0.689814
0.108767	0.714752	0.689699
0.108984	0.714752	0.689373
0.108984	0.716710	0.687884
0.109202	0.716710	0.687623
0.109202	0.717363	0.687616
0.110072	0.717363	0.685705
0.110072	0.718016	0.685362
0.110289	0.718016	0.685185
0.110289	0.719321	0.685031
0.110507	0.719321	0.684650
0.110507	0.719974	0.684525
0.110724	0.719974	0.683300
0.110724	0.721932	0.682728
0.111159	0.721932	0.682204
0.111159	0.723890	0.680738
0.111377	0.723890	0.680577
0.111377	0.724543	0.680040
0.112465	0.724543	0.677954
0.112465	0.725849	0.676201
0.112900	0.725849	0.676157
0.112900	0.726501	0.675585
0.113117	0.726501	0.675406
0.113117	0.730418	0.674521
0.113335	0.730418	0.673358
0.113335	0.731723	0.672597
0.113552	0.731723	0.672052
0.113552	0.732376	0.671613
0.113770	0.732376	0.670475
0.113770	0.733681	0.670151
0.113987	0.733681	0.670032
0.113987	0.735640	0.668729
0.115293	0.735640	0.667158
0.115293	0.737598	0.666025
0.115728	0.737598	0.663901
0.115728	0.738251	0.663427
0.115945	0.738251	0.663209
0.115945	0.739556	0.662419
0.116163	0.739556	0.662374
0.116163	0.740209	0.662309
0.116380	0.740209	0.662138
0.116380	0.740862	0.661547
0.117033	0.740862	0.658295
0.117033	0.741514	0.658065
0.117468	0.741514	0.657109
0.117468	0.742167	0.657102
0.117685	0.742167	0.656427
0.117685	0.742820	0.656322
0.118338	0.742820	0.655668
0.118338	0.744778	0.655079
0.119208	0.744778	0.652885
0.119208	0.745431	0.652212
0.119426	0.745431	0.651965
0.119426	0.748042	0.650780
0.120078	0.748042	0.649984
0.120078	0.748695	0.649874
0.120948	0.748695	0.647456
0.120948	0.749347	0.647177
0.121384	0.749347	0.646527
0.121384	0.751958	0.645443
0.122471	0.751958	0.644083
0.122471	0.752611	0.643311
0.122689	0.752611	0.643206
0.122689	0.753264	0.643196
0.123124	0.753264	0.642493
0.123124	0.753916	0.641520
0.123559	0.753916	0.641286
0.123559	0.755222	0.639770
0.124211	0.755222	0.639112
0.124211	0.755875	0.638967
0.124429	0.755875	0.638955
0.124429	0.757180	0.637568
0.124647	0.757180	0.637535
0.124647	0.759138	0.636473
0.125299	0.759138	0.635300
0.125299	0.761097	0.633918
0.125517	0.761097	0.632649
0.125517	0.761749	0.631378
0.125734	0.761749	0.631073
0.125734	0.764360	0.628905
0.126169	0.764360	0.628619
0.126169	0.765666	0.628349
0.126822	0.765666	0.627019
0.126822	0.766971	0.626302
0.127257	0.766971	0.625887
0.127257	0.767624	0.625621
0.127910	0.767624	0.624604
0.127910	0.768277	0.624570
0.128562	0.768277	0.623359
0.128562	0.769582	0.621593
0.128780	0.769582	0.621458
0.128780	0.770235	0.621255
0.128997	0.770235	0.621050
0.128997	0.770888	0.620176
0.129215	0.770888	0.619878
0.129215	0.772193	0.619275
0.129432	0.772193	0.618912
0.129432	0.772846	0.618435
0.129650	0.772846	0.618163
0.129650	0.773499	0.617916
0.129867	0.773499	0.617244
0.129867	0.774804	0.616032
0.130085	0.774804	0.615680
0.130085	0.775457	0.615408
0.130302	0.775457	0.614523
0.130302	0.776110	0.614418
0.130520	0.776110	0.613216
0.130520	0.778068	0.610900
0.130737	0.778068	0.610464
0.130737	0.780026	0.609521
0.132478	0.780026	0.603834
0.132478	0.781332	0.602506
0.132913	0.781332	0.601639
0.132913	0.781984	0.601545
0.133348	0.781984	0.600198
0.133348	0.782637	0.600188
0.133565	0.782637	0.600048
0.133565	0.783290	0.599934
0.133783	0.783290	0.599318
0.133783	0.784595	0.598954
0.134000	0.784595	0.598725
0.134000	0.785248	0.598261
0.134653	0.785248	0.597690
0.134653	0.787859	0.596331
0.134871	0.787859	0.595849
0.134871	0.789817	0.594666
0.135088	0.789817	0.593495
0.135088	0.790470	0.592787
0.135523	0.790470	0.591581
0.135523	0.791123	0.591180
0.136176	0.791123	0.590228
0.136176	0.791775	0.589367
0.137263	0.791775	0.588542
0.137263	0.792428	0.588328
0.137481	0.792428	0.587421
0.137481	0.793734	0.586898
0.137698	0.793734	0.586897
0.137698	0.794386	0.586712
0.137916	0.794386	0.586458
0.137916	0.796345	0.584263
0.138351	0.796345	0.583561
0.138351	0.796997	0.582894
0.138569	0.796997	0.582750
0.138569	0.797650	0.582551
0.139439	0.797650	0.581021
0.139439	0.800261	0.579594
0.139656	0.800261	0.579179
0.139656	0.800914	0.578508
0.140091	0.800914	0.576780
0.140091	0.804178	0.574624
0.140744	0.804178	0.573132
0.140744	0.804830	0.573032
0.140961	0.804830	0.572471
0.140961	0.806136	0.571958
0.141179	0.806136	0.571498
0.141179	0.806789	0.571305
0.142702	0.806789	0.568823
0.142702	0.808747	0.566960
0.143354	0.808747	0.565520
0.143354	0.811358	0.563031
0.143572	0.811358	0.562832
0.143572	0.812010	0.562041
0.144224	0.812010	0.561234
0.144224	0.812663	0.561111
0.144660	0.812663	0.560210
0.144660	0.813316	0.559998
0.145312	0.813316	0.559447
0.145312	0.815927	0.558406
0.145530	0.815927	0.558184
0.145530	0.817232	0.556411
0.145747	0.817232	0.556226
0.145747	0.818538	0.555158
0.146835	0.818538	0.551181
0.146835	0.819191	0.551099
0.147052	0.819191	0.551080
0.147052	0.819843	0.551055
0.147487	0.819843	0.549684
0.147487	0.820496	0.549590
0.148793	0.820496	0.547989
0.148793	0.821149	0.545137
0.149228	0.821149	0.544873
0.149228	0.822454	0.544655
0.149445	0.822454	0.544386
0.149445	0.823107	0.544345
0.149880	0.823107	0.543387
0.149880	0.823760	0.543344
0.150098	0.823760	0.542531
0.150098	0.825065	0.540785
0.150750	0.825065	0.539992
0.150750	0.825718	0.539863
0.151186	0.825718	0.539574
0.151186	0.826371	0.539302
0.151621	0.826371	0.538264
0.151621	0.827023	0.536991
0.152056	0.827023	0.535484
0.152056	0.827676	0.534970
0.152491	0.827676	0.534198
0.152491	0.828329	0.534198
0.152926	0.828329	0.533726
0.152926	0.828982	0.533530
0.153361	0.828982	0.532958
0.153361	0.829634	0.531844
0.153578	0.829634	0.531810
0.153578	0.831593	0.530535
0.153796	0.831593	0.530284
0.153796	0.832898	0.529165
0.154449	0.832898	0.527543
0.154449	0.833551	0.527236
0.154666	0.833551	0.526233
0.154666	0.834856	0.526032
0.155754	0.834856	0.524354
0.155754	0.835509	0.523858
0.156624	0.835509	0.522151
0.156624	0.836162	0.521767
0.157276	0.836162	0.520722
0.157276	0.836815	0.520620
0.158147	0.836815	0.518365
0.158147	0.837467	0.517779
0.159452	0.837467	0.515473
0.159452	0.838773	0.514195
0.159669	0.838773	0.513634
0.159669	0.839426	0.513209
0.160322	0.839426	0.512557
0.160322	0.840078	0.512463
0.160757	0.840078	0.511902
0.160757	0.840731	0.510872
0.160975	0.840731	0.510439
0.160975	0.841384	0.510425
0.161627	0.841384	0.508759
0.161627	0.842689	0.507681
0.161845	0.842689	0.507644
0.161845	0.843995	0.506724
0.162280	0.843995	0.505163
0.162280	0.844648	0.504938
0.162497	0.844648	0.504567
0.162497	0.845300	0.503977
0.162932	0.845300	0.503727
0.162932	0.845953	0.503682
0.163585	0.845953	0.503192
0.163585	0.849217	0.501161
0.164020	0.849217	0.500046
0.164020	0.849869	0.499864
0.164238	0.849869	0.499036
0.164238	0.851175	0.498386
0.165108	0.851175	0.495928
0.165108	0.851828	0.495011
0.165760	0.851828	0.494492
0.165760	0.855744	0.489407
0.166630	0.855744	0.486482
0.166630	0.856397	0.486374
0.167065	0.856397	0.486178
0.167065	0.857050	0.485376
0.167283	0.857050	0.485310
0.167283	0.857702	0.484499
0.167501	0.857702	0.484273
0.167501	0.858355	0.483442
0.168371	0.858355	0.481664
0.168371	0.859661	0.480482
0.169023	0.859661	0.479715
0.169023	0.860313	0.478968
0.169241	0.860313	0.478572
0.169241	0.862272	0.476756
0.169676	0.862272	0.475693
0.169676	0.863577	0.475522
0.170546	0.863577	0.475031
0.170546	0.864230	0.474736
0.171634	0.864230	0.472381
0.171634	0.864883	0.471770
0.174679	0.864883	0.465947
0.174679	0.865535	0.465620
0.176202	0.865535	0.462498
0.176202	0.866188	0.461948
0.177507	0.866188	0.459481
0.177507	0.867493	0.458007
0.177942	0.867493	0.457609
0.177942	0.868799	0.457092
0.178160	0.868799	0.456802
0.178160	0.869452	0.455280
0.179030	0.869452	0.452826
0.179030	0.870104	0.452090
0.179465	0.870104	0.451090
0.179465	0.870757	0.450415
0.179682	0.870757	0.449948
0.179682	0.872063	0.448527
0.180117	0.872063	0.448248
0.180117	0.872715	0.447893
0.181205	0.872715	0.446067
0.181205	0.874021	0.445614
0.182075	0.874021	0.444519
0.182075	0.875326	0.443580
0.182510	0.875326	0.442230
0.182510	0.875979	0.441735
0.183380	0.875979	0.440072
0.183380	0.877937	0.439350
0.183816	0.877937	0.438299
0.183816	0.879243	0.437654
0.185121	0.879243	0.435345
0.185121	0.879896	0.434602
0.186643	0.879896	0.431940
0.186643	0.881201	0.431016
0.187949	0.881201	0.428672
0.187949	0.881854	0.428666
0.189906	0.881854	0.424911
0.189906	0.882507	0.424867
0.190124	0.882507	0.424505
0.190124	0.883159	0.424419
0.190342	0.883159	0.423762
0.190342	0.883812	0.421045
0.192082	0.883812	0.417280
0.192082	0.885117	0.417114
0.192734	0.885117	0.415887
0.192734	0.885770	0.415046
0.193169	0.885770	0.413361
0.193169	0.886423	0.412964
0.193822	0.886423	0.410699
0.193822	0.887076	0.410057
0.195780	0.887076	0.405686
0.195780	0.888381	0.405571
0.197085	0.888381	0.401410
0.197085	0.889034	0.401396
0.197738	0.889034	0.400026
0.197738	0.889687	0.399718
0.199695	0.889687	0.395043
0.199695	0.890339	0.394929
0.200131	0.890339	0.394704
0.200131	0.890992	0.394223
0.200348	0.890992	0.393634
0.200348	0.891645	0.393537
0.200783	0.891645	0.392863
0.200783	0.892298	0.392282
0.201218	0.892298	0.392100
0.201218	0.894256	0.391063
0.202306	0.894256	0.389572
0.202306	0.894909	0.389489
0.203176	0.894909	0.387077
0.203176	0.895561	0.385396
0.204699	0.895561	0.381475
0.204699	0.896214	0.381237
0.204916	0.896214	0.381198
0.204916	0.899478	0.377297
0.205569	0.899478	0.374941
0.205569	0.900131	0.374449
0.206874	0.900131	0.371614
0.206874	0.902089	0.369573
0.207309	0.902089	0.369147
0.207309	0.903394	0.368203
0.208179	0.903394	0.365509
0.208179	0.905352	0.363377
0.209267	0.905352	0.360924
0.209267	0.906005	0.360847
0.209702	0.906005	0.360680
0.209702	0.907311	0.360384
0.209920	0.907311	0.360012
0.209920	0.907963	0.359896
0.211007	0.907963	0.358459
0.211007	0.908616	0.358118
0.212095	0.908616	0.357044
0.212095	0.909269	0.356634
0.213183	0.909269	0.354109
0.213183	0.910574	0.353726
0.213400	0.910574	0.352146
0.213400	0.911227	0.352113
0.213618	0.911227	0.351938
0.213618	0.911880	0.351581
0.214053	0.911880	0.348550
0.214053	0.913185	0.347728
0.214270	0.913185	0.347404
0.214270	0.914491	0.346596
0.215793	0.914491	0.342402
0.215793	0.915144	0.341890
0.216446	0.915144	0.341020
0.216446	0.915796	0.340809
0.217533	0.915796	0.339009
0.217533	0.916449	0.338963
0.219056	0.916449	0.335234
0.219056	0.917755	0.333398
0.219273	0.917755	0.333026
0.219273	0.919060	0.332019
0.219926	0.919060	0.331280
0.219926	0.919713	0.331213
0.220361	0.919713	0.328642
0.220361	0.922324	0.326325
0.221666	0.922324	0.324646
0.221666	0.922977	0.324446
0.222101	0.922977	0.324193
0.222101	0.923629	0.324113
0.223624	0.923629	0.322636
0.223624	0.926240	0.320454
0.223842	0.926240	0.319940
0.223842	0.926893	0.319844
0.225582	0.926893	0.316687
0.225582	0.927546	0.316087
0.226235	0.927546	0.314993
0.226235	0.928198	0.314966
0.227975	0.928198	0.312190
0.227975	0.928851	0.311657
0.231020	0.928851	0.305348
0.231020	0.930157	0.304112
0.231890	0.930157	0.303459
0.231890	0.930809	0.302700
0.233848	0.930809	0.298376
0.233848	0.931462	0.297194
0.234283	0.931462	0.297072
0.234283	0.932768	0.296889
0.236676	0.932768	0.292360
0.236676	0.933420	0.292227
0.237981	0.933420	0.290770
0.237981	0.934073	0.290522
0.238199	0.934073	0.289400
0.238199	0.934726	0.288198
0.239939	0.934726	0.285121
0.239939	0.935379	0.284867
0.240592	0.935379	0.283210
0.240592	0.936031	0.282316
0.242549	0.936031	0.279488
0.242549	0.936684	0.279171
0.242767	0.936684	0.278263
0.242767	0.937337	0.277339
0.243420	0.937337	0.275138
0.243420	0.937990	0.274705
0.243637	0.937990	0.274130
0.243637	0.938642	0.273121
0.245812	0.938642	0.268463
0.245812	0.939295	0.268387
0.246248	0.939295	0.267909
0.246248	0.939948	0.267776
0.249728	0.939948	0.262558
0.249728	0.941906	0.260303
0.250816	0.941906	0.259320
0.250816	0.942559	0.259298
0.252121	0.942559	0.255976
0.252556	0.942559	0.255588
0.252991	0.942559	0.255073
0.252991	0.943211	0.254805
0.255819	0.943211	0.249458
0.255819	0.943864	0.249015
0.257342	0.943864	0.247343
0.257342	0.944517	0.247276
0.259300	0.944517	0.244991
0.259300	0.945822	0.244857
0.259735	0.945822	0.244811
0.259735	0.946475	0.244572
0.263215	0.946475	0.240585
0.263215	0.947128	0.240227
0.263650	0.947128	0.239995
0.263650	0.947781	0.239608
0.265608	0.947781	0.234271
0.265608	0.948433	0.232720
0.267348	0.948433	0.228843
0.267348	0.949086	0.228788
0.269089	0.949086	0.227767
0.269089	0.949739	0.227555
0.269524	0.949739	0.226895
0.269524	0.951044	0.226180
0.271264	0.951044	0.224529
0.271264	0.951697	0.223445
0.274309	0.951697	0.221444
0.274309	0.952350	0.221163
0.275397	0.952350	0.218019
0.275397	0.953003	0.217474
0.277790	0.953003	0.214773
0.277790	0.953655	0.213914
0.280618	0.953655	0.209084
0.280618	0.954308	0.208712
0.281270	0.954308	0.208468
0.281270	0.954961	0.208367
0.282793	0.954961	0.205712
0.282793	0.955614	0.205358
0.284968	0.955614	0.202531
0.284968	0.956266	0.202388
0.288667	0.956266	0.196645
0.288667	0.956919	0.196559
0.290842	0.956919	0.194864
0.290842	0.958225	0.194516
0.291930	0.958225	0.193009
0.291930	0.958877	0.192556
0.292800	0.958877	0.189461
0.292800	0.959530	0.189418
0.293452	0.959530	0.187457
0.293452	0.960183	0.187055
0.293670	0.960183	0.186928
0.293670	0.960836	0.186860
0.299108	0.960836	0.179694
0.299108	0.961488	0.178389
0.299326	0.961488	0.178350
0.299326	0.962794	0.178054
0.301283	0.962794	0.175338
0.301283	0.964099	0.174876
0.304982	0.964099	0.169106
0.304982	0.964752	0.168988
0.307592	0.964752	0.166211
0.307592	0.965405	0.166133
0.308245	0.965405	0.164838
0.308245	0.966057	0.164674
0.308462	0.966057	0.164368
0.308462	0.966710	0.163849
0.311290	0.966710	0.160997
0.311290	0.967363	0.160795
0.313465	0.967363	0.158862
0.313465	0.968668	0.158344
0.314335	0.968668	0.157595
0.314335	0.969321	0.157393
0.314771	0.969321	0.157001
0.314771	0.969974	0.156996
0.317381	0.969974	0.152993
0.317381	0.970627	0.152294
0.319121	0.970627	0.150571
0.319121	0.971279	0.150407
0.319991	0.971279	0.149681
0.319991	0.971932	0.149432
0.322602	0.971932	0.147799
0.322602	0.972585	0.147767
0.327822	0.972585	0.142822
0.327822	0.973238	0.142814
0.333043	0.973238	0.136564
0.333043	0.973890	0.136101
0.333913	0.973890	0.135021
0.333913	0.974543	0.134900
0.335871	0.974543	0.133305
0.335871	0.975196	0.133013
0.338917	0.975196	0.129961
0.338917	0.975849	0.129925
0.340004	0.975849	0.128609
0.340004	0.976501	0.128347
0.343485	0.976501	0.125926
0.343485	0.977154	0.125861
0.345225	0.977154	0.123965
0.345225	0.977807	0.123935
0.347183	0.977807	0.121696
0.347183	0.979112	0.121174
0.347400	0.979112	0.121057
0.347400	0.979765	0.120887
0.354362	0.979765	0.113675
0.354362	0.980418	0.113632
0.356972	0.980418	0.111204
0.356972	0.981070	0.110854
0.357842	0.981070	0.110168
0.357842	0.981723	0.110014
0.363280	0.981723	0.104134
0.363280	0.982376	0.104025
0.366761	0.982376	0.101753
0.366761	0.983029	0.101632
0.381988	0.983029	0.089125
0.381988	0.983681	0.089052
0.382423	0.983681	0.088850
0.382423	0.984334	0.088838
0.388297	0.984334	0.084916
0.388297	0.984987	0.084847
0.388949	0.984987	0.084654
0.388949	0.985640	0.084534
0.391560	0.985640	0.082875
0.391560	0.986292	0.082675
0.393082	0.986292	0.081424
0.393082	0.986945	0.081253
0.394388	0.986945	0.080034
0.394388	0.987598	0.079984
0.395910	0.987598	0.079136
0.395910	0.988251	0.079059
0.398956	0.988251	0.077405
0.398956	0.988903	0.077302
0.408527	0.988903	0.071373
0.408527	0.989556	0.071191
0.418099	0.989556	0.066233
0.418099	0.990209	0.066180
0.431151	0.990209	0.059389
0.431151	0.990862	0.059218
0.437677	0.990862	0.055859
0.437677	0.991514	0.055687
0.444638	0.991514	0.053354
0.444638	0.992167	0.053323
0.461823	0.992167	0.044225
0.461823	0.992820	0.044210
0.468784	0.992820	0.041720
0.468784	0.993473	0.041624
0.472265	0.993473	0.040231
0.472265	0.994125	0.040182
0.484881	0.994125	0.036027
0.484881	0.994778	0.035869
0.485099	0.994778	0.035821
0.485099	0.995431	0.035785
0.513161	0.995431	0.027321
0.513161	0.996084	0.027307
0.514683	0.996084	0.026690
0.514683	0.997389	0.026640
0.520557	0.997389	0.025239
0.520557	0.998042	0.025231
0.607570	0.998042	0.010759
0.607570	0.998695	0.010757
0.614966	0.998695	0.010048
0.614966	0.999347	0.010009
0.642811	0.999347	0.007287
0.643246	0.999347	0.007285
0.701762	0.999347	0.003790
0.702197	0.999347	0.003786
0.731347	0.999347	0.002672
0.731347	1.000000	0.002664
0.773983	1.000000	0.001532
0.774418	1.000000	0.001528
0.786600	1.000000	0.001284
0.787035	1.000000	0.001278
0.803785	1.000000	0.001024
0.804220	1.000000	0.001023
0.815749	1.000000	0.000818
0.816184	1.000000	0.000810
0.828801	1.000000	0.000649
0.829236	1.000000	0.000645
0.832282	1.000000	0.000614
0.832717	1.000000	0.000612
1.000000	1.000000	0.000000
