FPR	TPR	THR
0.000000	0.000000	1.993198
0.000000	0.000653	0.993198
0.000000	0.007833	0.985684
0.000218	0.007833	0.985626
0.000218	0.020235	0.981270
0.000435	0.020235	0.981196
0.000435	0.024804	0.979026
0.000653	0.024804	0.978663
0.000653	0.032637	0.977369
0.000870	0.032637	0.977167
0.000870	0.037859	0.975312
0.001088	0.037859	0.975238
0.001088	0.039817	0.974839
0.001305	0.039817	0.974676
0.001305	0.055483	0.971671
0.001523	0.055483	0.971432
0.001523	0.056136	0.971229
0.001740	0.056136	0.971214
0.001740	0.056789	0.971048
0.001958	0.056789	0.970756
0.001958	0.057441	0.970701
0.002175	0.057441	0.970534
0.002175	0.059399	0.969773
0.002393	0.059399	0.969531
0.002393	0.060705	0.969435
0.002610	0.060705	0.969234
0.002610	0.061358	0.968749
0.002828	0.061358	0.968427
0.002828	0.065927	0.967159
0.003045	0.065927	0.966877
0.003045	0.067885	0.966411
0.003263	0.067885	0.966326
0.003263	0.078982	0.963417
0.003481	0.078982	0.963305
0.003481	0.084856	0.962446
0.003698	0.084856	0.962220
0.003698	0.087467	0.961988
0.003916	0.087467	0.961987
0.003916	0.089426	0.961693
0.004351	0.089426	0.961344
0.004351	0.093995	0.961143
0.004568	0.093995	0.961085
0.004568	0.098564	0.959946
0.004786	0.098564	0.959924
0.004786	0.105744	0.958926
0.005003	0.105744	0.958656
0.005003	0.116841	0.956330
0.005221	0.116841	0.955954
0.005221	0.118799	0.955539
0.005438	0.118799	0.955416
0.005438	0.120757	0.955075
0.005656	0.120757	0.954871
0.005656	0.124674	0.954092
0.005873	0.124674	0.953707
0.005873	0.125979	0.953300
0.006091	0.125979	0.953199
0.006091	0.126632	0.952919
0.006526	0.126632	0.952791
0.006526	0.127285	0.952772
0.006744	0.127285	0.952704
0.006744	0.128590	0.952558
0.006961	0.128590	0.952534
0.006961	0.133812	0.952016
0.007179	0.133812	0.951676
0.007179	0.138381	0.950915
0.007396	0.138381	0.950841
0.007396	0.141645	0.950433
0.007614	0.141645	0.950273
0.007614	0.148172	0.949536
0.007831	0.148172	0.949529
0.007831	0.148825	0.949520
0.008049	0.148825	0.949220
0.008049	0.149478	0.949177
0.008266	0.149478	0.949146
0.008266	0.153394	0.947900
0.008484	0.153394	0.947071
0.008484	0.164491	0.945439
0.008701	0.164491	0.945168
0.008701	0.171018	0.944254
0.008919	0.171018	0.944176
0.008919	0.176893	0.943572
0.009136	0.176893	0.943385
0.009136	0.184073	0.942130
0.009354	0.184073	0.942023
0.009354	0.184726	0.941942
0.009571	0.184726	0.941703
0.009571	0.185379	0.941566
0.009789	0.185379	0.941270
0.009789	0.189295	0.940260
0.010007	0.189295	0.940076
0.010007	0.195822	0.939280
0.010224	0.195822	0.939089
0.010224	0.203003	0.937968
0.010442	0.203003	0.937788
0.010442	0.209530	0.936769
0.010659	0.209530	0.936655
0.010659	0.210836	0.936202
0.010877	0.210836	0.936112
0.010877	0.215405	0.935288
0.011094	0.215405	0.935214
0.011094	0.219974	0.934839
0.011312	0.219974	0.934653
0.011312	0.221279	0.934515
0.011529	0.221279	0.934453
0.011529	0.222585	0.934370
0.011747	0.222585	0.934350
0.011747	0.224543	0.933797
0.012617	0.224543	0.933598
0.012617	0.230418	0.932742
0.012834	0.230418	0.932547
0.012834	0.231070	0.932496
0.013052	0.231070	0.932465
0.013052	0.232376	0.932223
0.013705	0.232376	0.931919
0.013705	0.234987	0.931638
0.013922	0.234987	0.931628
0.013922	0.237598	0.930877
0.014140	0.237598	0.930801
0.014140	0.238903	0.930604
0.014575	0.238903	0.930267
0.014575	0.239556	0.930230
0.015010	0.239556	0.929968
0.015010	0.240209	0.929829
0.015227	0.240209	0.929810
0.015227	0.240862	0.929711
0.015662	0.240862	0.929593
0.015662	0.246084	0.928793
0.015880	0.246084	0.928755
0.015880	0.246736	0.928573
0.016097	0.246736	0.928407
0.016097	0.247389	0.928312
0.016315	0.247389	0.928259
0.016315	0.261749	0.925124
0.016750	0.261749	0.925058
0.016750	0.264360	0.924676
0.016968	0.264360	0.924402
0.016968	0.271540	0.922694
0.017185	0.271540	0.922668
0.017185	0.275457	0.921828
0.017403	0.275457	0.921395
0.017403	0.278068	0.921335
0.017620	0.278068	0.921174
0.017620	0.281332	0.920674
0.018055	0.281332	0.920413
0.018055	0.283943	0.920242
0.018273	0.283943	0.919890
0.018273	0.284595	0.919838
0.018490	0.284595	0.919536
0.018490	0.287859	0.918784
0.018708	0.287859	0.918752
0.018708	0.288512	0.918627
0.018925	0.288512	0.918343
0.018925	0.291775	0.917490
0.019143	0.291775	0.916987
0.019143	0.295039	0.916778
0.019578	0.295039	0.916495
0.019578	0.295692	0.916408
0.020231	0.295692	0.916037
0.020231	0.296345	0.915955
0.020448	0.296345	0.915823
0.020448	0.296997	0.915816
0.020883	0.296997	0.915695
0.020883	0.299608	0.915139
0.021101	0.299608	0.915131
0.021101	0.300261	0.915009
0.021318	0.300261	0.915004
0.021318	0.301567	0.914950
0.021536	0.301567	0.914750
0.021536	0.302872	0.914620
0.022188	0.302872	0.914232
0.022188	0.304178	0.914110
0.022841	0.304178	0.913863
0.022841	0.306136	0.912739
0.023059	0.306136	0.912717
0.023059	0.308094	0.912505
0.023711	0.308094	0.912223
0.023711	0.310705	0.911819
0.023929	0.310705	0.911797
0.023929	0.311358	0.911632
0.024364	0.311358	0.911574
0.024364	0.312663	0.911427
0.024581	0.312663	0.911242
0.024581	0.317232	0.910492
0.024799	0.317232	0.910484
0.024799	0.318538	0.910472
0.025016	0.318538	0.910344
0.025016	0.319191	0.910263
0.025234	0.319191	0.910190
0.025234	0.321149	0.910045
0.025451	0.321149	0.910004
0.025451	0.323107	0.909876
0.025886	0.323107	0.909238
0.025886	0.323760	0.909165
0.026104	0.323760	0.908973
0.026104	0.324413	0.908717
0.026322	0.324413	0.908587
0.026322	0.325065	0.908568
0.026757	0.325065	0.908391
0.026757	0.327676	0.908015
0.027192	0.327676	0.907705
0.027192	0.328329	0.907617
0.027627	0.328329	0.907347
0.027627	0.330940	0.906785
0.028062	0.330940	0.906686
0.028062	0.331593	0.906599
0.028279	0.331593	0.906576
0.028279	0.332245	0.906474
0.028497	0.332245	0.906314
0.028497	0.335509	0.905444
0.028932	0.335509	0.905170
0.028932	0.336162	0.905158
0.029149	0.336162	0.905061
0.029149	0.337467	0.904782
0.029367	0.337467	0.904680
0.029367	0.338120	0.904549
0.029585	0.338120	0.904512
0.029585	0.343342	0.904107
0.029802	0.343342	0.904075
0.029802	0.347258	0.902706
0.030020	0.347258	0.902674
0.030020	0.347911	0.902627
0.030455	0.347911	0.902104
0.030455	0.348564	0.901982
0.030672	0.348564	0.901895
0.030672	0.350522	0.901825
0.031107	0.350522	0.901213
0.031107	0.351175	0.901064
0.031325	0.351175	0.900996
0.031325	0.354439	0.899927
0.031542	0.354439	0.899884
0.031542	0.356397	0.899452
0.031977	0.356397	0.898933
0.031977	0.357050	0.898906
0.032630	0.357050	0.898481
0.032630	0.359008	0.898223
0.032848	0.359008	0.897951
0.032848	0.359661	0.897614
0.033065	0.359661	0.897442
0.033065	0.360313	0.897346
0.033283	0.360313	0.897328
0.033283	0.362272	0.896896
0.033500	0.362272	0.896592
0.033500	0.363577	0.896376
0.033935	0.363577	0.896241
0.033935	0.364230	0.896124
0.035023	0.364230	0.895257
0.035023	0.365535	0.895134
0.035240	0.365535	0.894960
0.035240	0.367493	0.894602
0.035675	0.367493	0.893959
0.035675	0.371410	0.893049
0.036111	0.371410	0.892440
0.036111	0.375326	0.892031
0.036328	0.375326	0.891955
0.036328	0.379243	0.891420
0.036981	0.379243	0.890549
0.036981	0.381854	0.890376
0.037198	0.381854	0.890368
0.037198	0.383812	0.889812
0.037416	0.383812	0.889752
0.037416	0.387076	0.889154
0.037633	0.387076	0.888784
0.037633	0.388381	0.888702
0.037851	0.388381	0.888281
0.037851	0.389034	0.888249
0.038068	0.389034	0.888230
0.038068	0.398172	0.886838
0.038286	0.398172	0.886760
0.038286	0.398825	0.886711
0.038503	0.398825	0.886541
0.038503	0.400783	0.886164
0.038721	0.400783	0.885851
0.038721	0.402742	0.885358
0.038938	0.402742	0.885233
0.038938	0.404047	0.885004
0.039156	0.404047	0.884718
0.039156	0.404700	0.884388
0.039374	0.404700	0.884197
0.039374	0.411227	0.882666
0.039591	0.411227	0.882385
0.039591	0.415796	0.881963
0.039809	0.415796	0.881791
0.039809	0.418407	0.881127
0.040244	0.418407	0.881068
0.040244	0.419060	0.880941
0.040461	0.419060	0.880898
0.040461	0.420366	0.880698
0.040679	0.420366	0.880672
0.040679	0.422977	0.879963
0.040896	0.422977	0.879878
0.040896	0.424935	0.879531
0.041114	0.424935	0.879304
0.041114	0.426240	0.878920
0.041331	0.426240	0.878424
0.041331	0.426893	0.878218
0.041549	0.426893	0.877919
0.041549	0.430809	0.877666
0.041766	0.430809	0.877643
0.041766	0.432115	0.877442
0.041984	0.432115	0.877436
0.041984	0.434726	0.876490
0.042201	0.434726	0.876460
0.042201	0.435379	0.876446
0.042419	0.435379	0.876417
0.042419	0.436031	0.876348
0.042637	0.436031	0.876266
0.042637	0.436684	0.876216
0.043289	0.436684	0.876076
0.043289	0.437337	0.876031
0.043507	0.437337	0.875727
0.043507	0.439295	0.874813
0.043724	0.439295	0.874806
0.043724	0.441253	0.874561
0.043942	0.441253	0.874049
0.043942	0.446475	0.873224
0.044377	0.446475	0.872291
0.044377	0.447128	0.872288
0.044594	0.447128	0.872275
0.044594	0.449739	0.871350
0.044812	0.449739	0.871347
0.044812	0.450392	0.871329
0.045029	0.450392	0.871287
0.045029	0.452350	0.870978
0.045247	0.452350	0.870972
0.045247	0.454308	0.870481
0.045899	0.454308	0.870137
0.045899	0.456266	0.869738
0.046335	0.456266	0.869595
0.046335	0.457572	0.869018
0.046770	0.457572	0.868594
0.046770	0.464099	0.867444
0.046987	0.464099	0.866912
0.046987	0.467363	0.866429
0.047205	0.467363	0.866311
0.047205	0.470627	0.865636
0.047422	0.470627	0.865222
0.047422	0.473890	0.864484
0.047640	0.473890	0.864270
0.047640	0.477154	0.863579
0.047857	0.477154	0.863494
0.047857	0.477807	0.863438
0.048075	0.477807	0.863397
0.048075	0.478460	0.863370
0.048292	0.478460	0.862976
0.048292	0.481723	0.862437
0.048510	0.481723	0.862415
0.048510	0.482376	0.862414
0.048727	0.482376	0.862308
0.048727	0.483029	0.862053
0.049598	0.483029	0.861497
0.049598	0.484987	0.861260
0.049815	0.484987	0.860980
0.049815	0.488251	0.860312
0.050033	0.488251	0.860308
0.050033	0.488903	0.859844
0.050250	0.488903	0.859832
0.050250	0.490209	0.859370
0.050468	0.490209	0.859360
0.050468	0.492167	0.859044
0.050685	0.492167	0.858913
0.050685	0.494778	0.858661
0.050903	0.494778	0.858459
0.050903	0.496736	0.857846
0.051120	0.496736	0.857729
0.051120	0.498695	0.857185
0.051555	0.498695	0.856850
0.051555	0.499347	0.856814
0.051773	0.499347	0.856563
0.051773	0.503916	0.855350
0.051990	0.503916	0.855329
0.051990	0.505222	0.855073
0.052425	0.505222	0.854237
0.052425	0.506527	0.854100
0.052643	0.506527	0.854064
0.052643	0.509791	0.853339
0.053513	0.509791	0.852578
0.053513	0.510444	0.852234
0.053948	0.510444	0.852008
0.053948	0.518277	0.849990
0.054383	0.518277	0.849606
0.054383	0.520235	0.849515
0.054601	0.520235	0.849363
0.054601	0.520888	0.849214
0.054818	0.520888	0.849006
0.054818	0.525457	0.848107
0.055253	0.525457	0.848008
0.055253	0.531332	0.847418
0.055471	0.531332	0.847262
0.055471	0.533290	0.846994
0.055906	0.533290	0.846673
0.055906	0.533943	0.846671
0.056124	0.533943	0.846606
0.056124	0.534595	0.846357
0.056341	0.534595	0.846300
0.056341	0.535248	0.845721
0.056776	0.535248	0.845626
0.056776	0.539817	0.844306
0.056994	0.539817	0.844242
0.056994	0.541775	0.843005
0.057211	0.541775	0.842886
0.057211	0.543081	0.842507
0.057429	0.543081	0.842403
0.057429	0.543734	0.842377
0.057646	0.543734	0.842366
0.057646	0.544386	0.842290
0.057864	0.544386	0.842281
0.057864	0.545039	0.842238
0.058081	0.545039	0.842196
0.058081	0.545692	0.842122
0.058299	0.545692	0.841934
0.058299	0.546997	0.841868
0.058734	0.546997	0.841755
0.058734	0.548956	0.840918
0.058951	0.548956	0.840851
0.058951	0.549608	0.840631
0.059822	0.549608	0.840246
0.059822	0.550261	0.839988
0.060039	0.550261	0.839887
0.060039	0.554178	0.838168
0.060257	0.554178	0.837488
0.060257	0.556789	0.836963
0.060474	0.556789	0.836575
0.060474	0.560052	0.836016
0.060692	0.560052	0.835856
0.060692	0.560705	0.835375
0.061127	0.560705	0.834807
0.061127	0.561358	0.834410
0.061344	0.561358	0.834323
0.061344	0.565927	0.833022
0.061562	0.565927	0.832839
0.061562	0.569843	0.831511
0.061997	0.569843	0.830979
0.061997	0.575718	0.830003
0.062214	0.575718	0.829519
0.062214	0.580940	0.827875
0.062650	0.580940	0.827717
0.062650	0.581593	0.827644
0.063302	0.581593	0.827278
0.063302	0.582898	0.827126
0.063520	0.582898	0.826968
0.063520	0.583551	0.826825
0.063955	0.583551	0.826478
0.063955	0.584856	0.825626
0.064172	0.584856	0.825508
0.064172	0.585509	0.825222
0.064390	0.585509	0.824747
0.064390	0.586162	0.824718
0.064607	0.586162	0.824386
0.064607	0.588773	0.823648
0.064825	0.588773	0.823575
0.064825	0.590731	0.823160
0.065042	0.590731	0.823073
0.065042	0.592689	0.822258
0.065260	0.592689	0.822243
0.065260	0.595300	0.820236
0.065913	0.595300	0.819457
0.065913	0.596606	0.819418
0.066130	0.596606	0.819378
0.066130	0.602480	0.817984
0.066348	0.602480	0.817658
0.066348	0.604439	0.816470
0.067000	0.604439	0.815234
0.067000	0.606397	0.814565
0.067653	0.606397	0.813469
0.067653	0.607050	0.813423
0.067870	0.607050	0.813248
0.067870	0.609008	0.812712
0.068088	0.609008	0.812705
0.068088	0.610966	0.811633
0.068305	0.610966	0.811216
0.068305	0.611619	0.811168
0.068740	0.611619	0.810770
0.068740	0.613577	0.810176
0.068958	0.613577	0.810056
0.068958	0.615535	0.809584
0.069393	0.615535	0.808984
0.069393	0.616188	0.808824
0.069828	0.616188	0.808721
0.069828	0.618799	0.808491
0.070263	0.618799	0.807592
0.070263	0.620757	0.806615
0.070481	0.620757	0.806544
0.070481	0.622715	0.806039
0.070698	0.622715	0.805484
0.070698	0.623368	0.805415
0.071568	0.623368	0.804572
0.071568	0.624021	0.804555
0.071786	0.624021	0.804200
0.071786	0.624674	0.803571
0.072221	0.624674	0.802532
0.072221	0.625326	0.802450
0.072874	0.625326	0.801890
0.072874	0.625979	0.801834
0.073091	0.625979	0.801483
0.073091	0.626632	0.801357
0.073526	0.626632	0.801091
0.073526	0.628590	0.800849
0.073744	0.628590	0.800700
0.073744	0.629896	0.800450
0.073961	0.629896	0.800142
0.073961	0.631854	0.799835
0.074179	0.631854	0.799246
0.074179	0.635117	0.797931
0.074831	0.635117	0.797303
0.074831	0.636423	0.797206
0.075919	0.636423	0.795877
0.075919	0.637728	0.795018
0.076137	0.637728	0.794728
0.076137	0.640339	0.793529
0.076789	0.640339	0.793054
0.076789	0.642950	0.792127
0.077442	0.642950	0.791551
0.077442	0.643603	0.791504
0.077659	0.643603	0.790804
0.077659	0.644909	0.790098
0.077877	0.644909	0.789493
0.077877	0.648172	0.787620
0.078312	0.648172	0.787171
0.078312	0.650131	0.785989
0.078529	0.650131	0.785728
0.078529	0.651436	0.785597
0.078965	0.651436	0.784942
0.078965	0.652089	0.784522
0.079400	0.652089	0.784133
0.079400	0.654047	0.782986
0.079617	0.654047	0.782819
0.079617	0.657963	0.781276
0.080705	0.657963	0.780503
0.080705	0.658616	0.780289
0.081140	0.658616	0.779569
0.081140	0.666449	0.775795
0.081357	0.666449	0.775789
0.081357	0.667102	0.775650
0.081575	0.667102	0.775374
0.081575	0.667755	0.775270
0.081792	0.667755	0.775213
0.081792	0.671018	0.773877
0.082010	0.671018	0.773805
0.082010	0.673629	0.773178
0.082445	0.673629	0.772699
0.082445	0.674935	0.771990
0.082663	0.674935	0.771892
0.082663	0.675587	0.771877
0.082880	0.675587	0.771838
0.082880	0.676240	0.771571
0.083315	0.676240	0.771136
0.083315	0.676893	0.770928
0.083533	0.676893	0.770874
0.083533	0.678851	0.770334
0.083968	0.678851	0.769682
0.083968	0.684073	0.766777
0.085055	0.684073	0.765541
0.085055	0.684726	0.765290
0.085926	0.684726	0.764374
0.085926	0.686031	0.764327
0.086143	0.686031	0.763977
0.086143	0.686684	0.763512
0.087448	0.686684	0.762287
0.087448	0.687990	0.761712
0.087666	0.687990	0.761451
0.087666	0.688642	0.761269
0.087883	0.688642	0.761209
0.087883	0.690601	0.760767
0.088101	0.690601	0.760250
0.088101	0.691253	0.760204
0.088318	0.691253	0.760091
0.088318	0.693864	0.758767
0.088536	0.693864	0.758759
0.088536	0.694517	0.758748
0.088754	0.694517	0.758572
0.088754	0.699086	0.757052
0.088971	0.699086	0.756436
0.088971	0.699739	0.756229
0.089406	0.699739	0.755708
0.089406	0.700392	0.755704
0.090276	0.700392	0.754727
0.090276	0.701044	0.754212
0.090494	0.701044	0.754126
0.090494	0.701697	0.754050
0.090929	0.701697	0.753702
0.090929	0.703003	0.753482
0.091581	0.703003	0.753088
0.091581	0.703655	0.752766
0.092017	0.703655	0.752024
0.092017	0.704961	0.751663
0.092234	0.704961	0.751363
0.092234	0.705614	0.750813
0.092452	0.705614	0.750509
0.092452	0.706266	0.750501
0.092669	0.706266	0.749935
0.092669	0.706919	0.749722
0.092887	0.706919	0.749292
0.092887	0.708225	0.748700
0.093104	0.708225	0.747949
0.093104	0.712141	0.745853
0.093539	0.712141	0.745018
0.093539	0.714099	0.744237
0.093974	0.714099	0.744087
0.093974	0.714752	0.743407
0.094409	0.714752	0.743057
0.094409	0.715405	0.742970
0.095062	0.715405	0.742458
0.095062	0.716057	0.741755
0.095280	0.716057	0.741663
0.095280	0.716710	0.741291
0.095932	0.716710	0.740500
0.095932	0.717363	0.740210
0.096150	0.717363	0.739900
0.096150	0.719974	0.738983
0.096367	0.719974	0.738656
0.096367	0.720627	0.738576
0.096802	0.720627	0.738257
0.096802	0.721279	0.738196
0.098107	0.721279	0.736819
0.098107	0.721932	0.736785
0.099413	0.721932	0.735772
0.099413	0.722585	0.735655
0.099630	0.722585	0.735626
0.099630	0.723890	0.735444
0.100935	0.723890	0.733626
0.100935	0.726501	0.732629
0.102458	0.726501	0.730774
0.102458	0.728460	0.729693
0.102676	0.728460	0.729678
0.102676	0.730418	0.728887
0.102893	0.730418	0.728836
0.102893	0.731723	0.728443
0.103111	0.731723	0.728191
0.103111	0.732376	0.727560
0.103763	0.732376	0.726301
0.103763	0.734334	0.725295
0.103981	0.734334	0.724339
0.103981	0.734987	0.724184
0.104198	0.734987	0.724074
0.104198	0.738251	0.723372
0.104416	0.738251	0.723333
0.104416	0.740862	0.722535
0.105286	0.740862	0.721398
0.105286	0.741514	0.720601
0.105504	0.741514	0.720576
0.105504	0.742820	0.719687
0.105939	0.742820	0.717779
0.105939	0.745431	0.716681
0.106156	0.745431	0.716104
0.106156	0.749347	0.715019
0.106374	0.749347	0.714796
0.106374	0.751305	0.714548
0.107026	0.751305	0.714133
0.107026	0.752611	0.713377
0.107461	0.752611	0.712793
0.107461	0.753264	0.712564
0.108114	0.753264	0.712059
0.108114	0.755222	0.711621
0.108767	0.755222	0.710805
0.108767	0.755875	0.708889
0.108984	0.755875	0.708871
0.108984	0.756527	0.708755
0.109202	0.756527	0.708483
0.109202	0.758486	0.707765
0.109419	0.758486	0.707647
0.109419	0.759138	0.707599
0.109637	0.759138	0.707354
0.109637	0.760444	0.706947
0.110289	0.760444	0.705262
0.110289	0.761749	0.705193
0.110724	0.761749	0.702969
0.110724	0.763055	0.702082
0.110942	0.763055	0.701331
0.110942	0.763708	0.700958
0.111377	0.763708	0.700000
0.111377	0.765013	0.698906
0.111812	0.765013	0.698555
0.111812	0.765666	0.698385
0.112030	0.765666	0.698317
0.112030	0.766319	0.698052
0.112247	0.766319	0.694242
0.112247	0.766971	0.694057
0.112465	0.766971	0.693779
0.112465	0.767624	0.693331
0.112682	0.767624	0.693152
0.112682	0.769582	0.692761
0.112900	0.769582	0.692649
0.112900	0.770235	0.692596
0.113335	0.770235	0.692207
0.113335	0.770888	0.692096
0.113770	0.770888	0.691957
0.113770	0.771540	0.691585
0.114640	0.771540	0.689733
0.114640	0.775457	0.687663
0.115075	0.775457	0.686943
0.115075	0.776110	0.686628
0.115293	0.776110	0.686370
0.115293	0.778721	0.685185
0.115728	0.778721	0.684172
0.115728	0.779373	0.684012
0.115945	0.779373	0.683577
0.115945	0.781332	0.683098
0.117468	0.781332	0.679352
0.117468	0.784595	0.677918
0.117903	0.784595	0.676647
0.117903	0.785248	0.676068
0.118121	0.785248	0.675777
0.118121	0.787206	0.675363
0.118338	0.787206	0.675302
0.118338	0.787859	0.675091
0.118556	0.787859	0.675041
0.118556	0.789817	0.674533
0.118773	0.789817	0.674374
0.118773	0.790470	0.674198
0.119208	0.790470	0.673011
0.119208	0.791123	0.671531
0.119861	0.791123	0.671103
0.119861	0.791775	0.669778
0.120296	0.791775	0.669331
0.120296	0.792428	0.669153
0.121166	0.792428	0.665057
0.121166	0.794386	0.664509
0.121819	0.794386	0.664021
0.121819	0.795039	0.663980
0.122036	0.795039	0.663928
0.122036	0.795692	0.663926
0.122906	0.795692	0.663091
0.122906	0.796997	0.661894
0.123559	0.796997	0.660525
0.123559	0.798303	0.659961
0.124211	0.798303	0.658558
0.124211	0.799608	0.658098
0.124429	0.799608	0.658029
0.124429	0.800261	0.657416
0.124647	0.800261	0.656748
0.124647	0.800914	0.656583
0.125082	0.800914	0.656197
0.125082	0.802872	0.655833
0.125299	0.802872	0.655684
0.125299	0.804178	0.655279
0.125517	0.804178	0.654945
0.125517	0.804830	0.654362
0.125952	0.804830	0.653736
0.125952	0.807441	0.652875
0.126387	0.807441	0.651922
0.126387	0.808747	0.651708
0.126822	0.808747	0.651130
0.126822	0.809399	0.651026
0.127474	0.809399	0.649690
0.127474	0.810052	0.649578
0.127692	0.810052	0.649200
0.127692	0.810705	0.648946
0.128127	0.810705	0.648455
0.128127	0.812663	0.647484
0.128345	0.812663	0.647479
0.128345	0.813969	0.647180
0.129650	0.813969	0.644937
0.129650	0.814621	0.644911
0.130085	0.814621	0.644657
0.130085	0.816580	0.644182
0.130302	0.816580	0.644169
0.130302	0.817232	0.644064
0.131608	0.817232	0.640996
0.131608	0.817885	0.640147
0.131825	0.817885	0.639682
0.131825	0.820496	0.638144
0.132913	0.820496	0.634442
0.132913	0.822454	0.633824
0.133348	0.822454	0.632274
0.133348	0.823107	0.632167
0.133783	0.823107	0.631225
0.133783	0.825065	0.630157
0.134436	0.825065	0.628214
0.134436	0.825718	0.628159
0.134653	0.825718	0.627858
0.134653	0.826371	0.627411
0.134871	0.826371	0.626139
0.134871	0.827023	0.625870
0.135088	0.827023	0.625723
0.135088	0.827676	0.623805
0.135306	0.827676	0.623338
0.135306	0.828329	0.622994
0.135958	0.828329	0.621768
0.135958	0.830287	0.619201
0.136176	0.830287	0.619115
0.136176	0.832245	0.617602
0.136393	0.832245	0.617492
0.136393	0.833551	0.617095
0.136828	0.833551	0.616251
0.136828	0.834204	0.615745
0.137481	0.834204	0.614454
0.137481	0.834856	0.614298
0.137698	0.834856	0.612438
0.137698	0.835509	0.612416
0.137916	0.835509	0.611190
0.137916	0.836162	0.610766
0.138134	0.836162	0.609324
0.138134	0.836815	0.609015
0.138569	0.836815	0.608725
0.138569	0.837467	0.608697
0.138786	0.837467	0.607925
0.138786	0.838120	0.607603
0.139221	0.838120	0.607553
0.139221	0.839426	0.607205
0.140091	0.839426	0.604787
0.140091	0.840078	0.604325
0.141179	0.840078	0.601891
0.141179	0.841384	0.601256
0.141397	0.841384	0.601244
0.141397	0.842037	0.600305
0.141832	0.842037	0.599063
0.141832	0.843342	0.598223
0.142049	0.843342	0.598168
0.142049	0.843995	0.596379
0.142267	0.843995	0.596047
0.142267	0.844648	0.595515
0.142919	0.844648	0.593452
0.142919	0.845953	0.593022
0.143137	0.845953	0.592718
0.143137	0.846606	0.592661
0.144007	0.846606	0.590669
0.144007	0.847258	0.590265
0.145095	0.847258	0.588061
0.145095	0.847911	0.588026
0.145312	0.847911	0.587811
0.145312	0.848564	0.587360
0.145747	0.848564	0.586819
0.145747	0.849217	0.586178
0.147052	0.849217	0.583243
0.147052	0.850522	0.582891
0.147705	0.850522	0.582181
0.147705	0.851175	0.582020
0.148140	0.851175	0.580582
0.148140	0.852480	0.580335
0.149445	0.852480	0.572331
0.149445	0.853786	0.570194
0.150098	0.853786	0.568564
0.150098	0.854439	0.564026
0.150750	0.854439	0.562291
0.150750	0.855091	0.560969
0.154013	0.855091	0.553553
0.154013	0.856397	0.551905
0.155536	0.856397	0.549520
0.155536	0.857702	0.549149
0.155754	0.857702	0.549061
0.155754	0.858355	0.548904
0.156624	0.858355	0.548264
0.156624	0.860313	0.548065
0.156841	0.860313	0.547958
0.156841	0.861619	0.547368
0.157276	0.861619	0.546635
0.157276	0.862272	0.545624
0.157494	0.862272	0.545233
0.157494	0.862924	0.545221
0.159017	0.862924	0.541966
0.159017	0.863577	0.541538
0.159234	0.863577	0.541531
0.159234	0.864230	0.541392
0.159669	0.864230	0.540065
0.159669	0.864883	0.539577
0.159887	0.864883	0.538786
0.159887	0.865535	0.538580
0.160104	0.865535	0.537943
0.160104	0.866188	0.537604
0.160322	0.866188	0.537578
0.160322	0.866841	0.537202
0.160539	0.866841	0.536778
0.160539	0.867493	0.535669
0.161192	0.867493	0.535353
0.161192	0.868799	0.534340
0.161845	0.868799	0.533467
0.161845	0.869452	0.533180
0.162062	0.869452	0.532273
0.162062	0.870104	0.531461
0.162497	0.870104	0.531118
0.162497	0.870757	0.529820
0.163150	0.870757	0.528788
0.163150	0.871410	0.528734
0.164238	0.871410	0.525424
0.164238	0.872063	0.525084
0.165108	0.872063	0.524205
0.165108	0.872715	0.523809
0.167065	0.872715	0.520566
0.167065	0.874021	0.519004
0.167283	0.874021	0.518856
0.167283	0.875326	0.518022
0.167501	0.875326	0.517770
0.167501	0.876632	0.516069
0.170111	0.876632	0.511673
0.170111	0.877285	0.510720
0.170328	0.877285	0.509467
0.170328	0.877937	0.509409
0.171199	0.877937	0.506798
0.171199	0.879243	0.506102
0.171416	0.879243	0.505476
0.171416	0.879896	0.503872
0.172504	0.879896	0.500798
0.172504	0.880548	0.500704
0.172939	0.880548	0.500031
0.172939	0.881201	0.499647
0.174897	0.881201	0.496259
0.174897	0.882507	0.495724
0.175767	0.882507	0.493347
0.175767	0.883812	0.493021
0.175984	0.883812	0.492501
0.175984	0.884465	0.491410
0.176419	0.884465	0.489817
0.176419	0.885117	0.489354
0.176854	0.885117	0.488180
0.176854	0.885770	0.488100
0.177072	0.885770	0.487809
0.177072	0.887728	0.487046
0.177290	0.887728	0.486966
0.177290	0.888381	0.486548
0.178812	0.888381	0.484555
0.178812	0.889034	0.483703
0.179465	0.889034	0.483239
0.179465	0.889687	0.482925
0.179682	0.889687	0.480907
0.179682	0.890339	0.479573
0.179900	0.890339	0.479569
0.179900	0.891645	0.477334
0.180335	0.891645	0.475753
0.180335	0.892298	0.475163
0.180988	0.892298	0.474787
0.180988	0.892950	0.474045
0.182075	0.892950	0.471054
0.182075	0.893603	0.470475
0.182510	0.893603	0.470085
0.182510	0.894909	0.469606
0.182945	0.894909	0.468963
0.182945	0.896214	0.467954
0.183163	0.896214	0.466993
0.183163	0.896867	0.466497
0.184033	0.896867	0.462383
0.184033	0.897520	0.462359
0.184468	0.897520	0.461820
0.184468	0.898172	0.461707
0.184903	0.898172	0.460528
0.184903	0.898825	0.460269
0.185556	0.898825	0.459357
0.185556	0.900783	0.458325
0.185773	0.900783	0.457776
0.185773	0.901436	0.457317
0.187079	0.901436	0.454664
0.187079	0.902089	0.454293
0.188601	0.902089	0.450371
0.188601	0.903394	0.450097
0.189471	0.903394	0.447735
0.189471	0.904700	0.447075
0.189906	0.904700	0.445942
0.189906	0.905352	0.445567
0.190124	0.905352	0.445528
0.190124	0.906005	0.445351
0.190342	0.906005	0.444200
0.190342	0.906658	0.443693
0.191212	0.906658	0.441331
0.191212	0.907311	0.440857
0.191429	0.907311	0.439842
0.191429	0.907963	0.439478
0.191864	0.907963	0.438673
0.191864	0.908616	0.438418
0.192082	0.908616	0.437873
0.192082	0.909269	0.436785
0.193169	0.909269	0.433843
0.193169	0.911880	0.431406
0.193387	0.911880	0.431158
0.193387	0.912533	0.430875
0.193822	0.912533	0.430064
0.193822	0.913185	0.429992
0.194257	0.913185	0.428527
0.194257	0.914491	0.427540
0.194910	0.914491	0.426511
0.194910	0.915796	0.424799
0.196650	0.915796	0.421809
0.196650	0.916449	0.421802
0.197303	0.916449	0.420702
0.197303	0.917102	0.420028
0.197520	0.917102	0.419547
0.197520	0.917755	0.419023
0.197738	0.917755	0.418633
0.197738	0.918407	0.418478
0.198390	0.918407	0.417329
0.198390	0.919713	0.415048
0.199478	0.919713	0.413963
0.199478	0.920366	0.413030
0.199913	0.920366	0.412251
0.199913	0.922324	0.411480
0.201001	0.922324	0.410507
0.201001	0.922977	0.410456
0.204699	0.922977	0.405401
0.204699	0.923629	0.405345
0.206004	0.923629	0.401168
0.206004	0.924282	0.401073
0.207527	0.924282	0.397288
0.207527	0.924935	0.396172
0.207962	0.924935	0.395078
0.207962	0.925587	0.395022
0.208397	0.925587	0.393972
0.208397	0.926240	0.393960
0.208614	0.926240	0.393770
0.208614	0.926893	0.393118
0.210137	0.926893	0.388773
0.210137	0.927546	0.388606
0.210790	0.927546	0.387951
0.210790	0.928851	0.387774
0.211225	0.928851	0.385372
0.211225	0.929504	0.384732
0.211877	0.929504	0.383578
0.211877	0.931462	0.382794
0.213183	0.931462	0.380167
0.213183	0.932115	0.379799
0.216881	0.932115	0.371618
0.216881	0.932768	0.370050
0.222319	0.932768	0.356401
0.222319	0.934073	0.354825
0.225364	0.934073	0.347083
0.225364	0.934726	0.347073
0.226235	0.934726	0.345734
0.226235	0.935379	0.345082
0.227105	0.935379	0.343691
0.227105	0.936031	0.343260
0.228410	0.936031	0.341559
0.228410	0.936684	0.340040
0.228845	0.936684	0.339118
0.228845	0.937337	0.338892
0.229715	0.937337	0.337672
0.229715	0.937990	0.337604
0.229933	0.937990	0.337541
0.229933	0.938642	0.336946
0.230150	0.938642	0.334107
0.230150	0.939948	0.333735
0.230368	0.939948	0.333714
0.230368	0.940601	0.331914
0.230585	0.940601	0.331466
0.230585	0.941253	0.331392
0.234718	0.941253	0.319429
0.234718	0.941906	0.318410
0.234936	0.941906	0.317462
0.234936	0.942559	0.316568
0.235371	0.942559	0.314755
0.235371	0.943211	0.314288
0.239722	0.943211	0.307699
0.239722	0.943864	0.307650
0.247335	0.943864	0.289083
0.247335	0.944517	0.289007
0.249511	0.944517	0.285172
0.249511	0.945170	0.285015
0.249728	0.945170	0.284750
0.249728	0.945822	0.284534
0.251468	0.945822	0.281696
0.251468	0.946475	0.281618
0.251686	0.946475	0.279393
0.251686	0.947128	0.277566
0.253426	0.947128	0.275929
0.253426	0.948433	0.275254
0.254949	0.948433	0.273626
0.254949	0.949086	0.272427
0.255819	0.949086	0.271029
0.255819	0.949739	0.270229
0.256472	0.949739	0.267248
0.256472	0.950392	0.267233
0.257342	0.950392	0.265067
0.257342	0.951044	0.264799
0.257994	0.951044	0.263587
0.257994	0.951697	0.261803
0.258212	0.951697	0.261767
0.258212	0.952350	0.261517
0.260170	0.952350	0.256592
0.260170	0.953655	0.255912
0.260387	0.953655	0.255134
0.260387	0.954308	0.253919
0.262127	0.954308	0.251166
0.262127	0.954961	0.250821
0.262998	0.954961	0.249623
0.262998	0.955614	0.249337
0.266261	0.955614	0.242237
0.266261	0.956266	0.241844
0.266913	0.956266	0.240789
0.266913	0.957572	0.239851
0.267566	0.957572	0.238676
0.267566	0.958225	0.238562
0.268001	0.958225	0.237749
0.268001	0.958877	0.237448
0.269089	0.958877	0.236675
0.269089	0.959530	0.235798
0.270611	0.959530	0.233905
0.270611	0.960183	0.233385
0.270829	0.960183	0.233346
0.270829	0.960836	0.232792
0.272134	0.960836	0.229609
0.272134	0.961488	0.229559
0.272352	0.961488	0.229442
0.272352	0.962141	0.228744
0.273439	0.962141	0.225745
0.273439	0.963446	0.225129
0.275179	0.963446	0.223817
0.275179	0.964099	0.223602
0.278007	0.964099	0.217297
0.278007	0.964752	0.217175
0.278878	0.964752	0.215166
0.278878	0.966057	0.214967
0.281053	0.966057	0.210186
0.281053	0.966710	0.209771
0.282793	0.966710	0.205773
0.282793	0.967363	0.205534
0.283881	0.967363	0.203505
0.283881	0.968668	0.202861
0.284533	0.968668	0.201861
0.284533	0.969321	0.201519
0.285621	0.969321	0.199623
0.285621	0.969974	0.199399
0.288884	0.969974	0.195152
0.288884	0.970627	0.194903
0.289537	0.970627	0.194711
0.289537	0.971279	0.193984
0.291059	0.971279	0.190069
0.291059	0.972585	0.189668
0.292582	0.972585	0.187129
0.292582	0.973238	0.187033
0.298020	0.973238	0.179763
0.298020	0.973890	0.179560
0.298891	0.973890	0.178010
0.298891	0.974543	0.177917
0.299108	0.974543	0.177734
0.299108	0.975196	0.177482
0.299761	0.975196	0.176081
0.299761	0.975849	0.175905
0.300413	0.975849	0.175396
0.300413	0.976501	0.175255
0.304546	0.976501	0.170606
0.304546	0.977154	0.170573
0.304982	0.977154	0.169490
0.304982	0.977807	0.169489
0.309115	0.977807	0.164402
0.309115	0.978460	0.164252
0.309332	0.978460	0.164190
0.309332	0.979765	0.164127
0.310637	0.979765	0.162097
0.310637	0.980418	0.161929
0.314988	0.980418	0.157051
0.314988	0.981070	0.156426
0.315641	0.981070	0.155381
0.315641	0.981723	0.154923
0.315858	0.981723	0.154867
0.315858	0.982376	0.154599
0.317598	0.982376	0.153650
0.317598	0.983029	0.153068
0.320861	0.983029	0.149706
0.320861	0.983681	0.149294
0.327822	0.983681	0.140160
0.327822	0.984334	0.140015
0.328475	0.984334	0.139352
0.328475	0.984987	0.139194
0.339352	0.984987	0.125957
0.339352	0.985640	0.125434
0.340222	0.985640	0.124384
0.340222	0.986292	0.123877
0.341962	0.986292	0.122571
0.341962	0.986945	0.121715
0.342832	0.986945	0.120581
0.342832	0.987598	0.120553
0.358712	0.987598	0.103090
0.358712	0.988251	0.102817
0.368066	0.988251	0.095800
0.368066	0.988903	0.095744
0.369154	0.988903	0.094398
0.369154	0.989556	0.094195
0.378725	0.989556	0.082999
0.378725	0.990209	0.082924
0.388732	0.990209	0.076287
0.388732	0.990862	0.076263
0.390690	0.990862	0.074391
0.390690	0.991514	0.074322
0.395693	0.991514	0.070640
0.395693	0.992167	0.070558
0.404829	0.992167	0.065722
0.404829	0.992820	0.064938
0.407875	0.992820	0.062939
0.407875	0.993473	0.062882
0.408745	0.993473	0.062432
0.408745	0.994125	0.062362
0.415271	0.994125	0.058541
0.415271	0.994778	0.058359
0.436589	0.994778	0.049354
0.436589	0.995431	0.049264
0.437024	0.995431	0.048888
0.437024	0.996084	0.048796
0.451816	0.996084	0.042413
0.451816	0.996736	0.042281
0.469872	0.996736	0.035106
0.469872	0.997389	0.035039
0.476833	0.997389	0.031881
0.476833	0.998042	0.031855
0.486187	0.998042	0.028547
0.486187	0.998695	0.028462
0.520122	0.998695	0.018577
0.520122	0.999347	0.018541
0.578421	0.999347	0.009077
0.578421	1.000000	0.009039
0.726996	1.000000	0.001049
0.727431	1.000000	0.001049
0.732652	1.000000	0.000950
0.733087	1.000000	0.000949
0.799217	1.000000	0.000291
0.799652	1.000000	0.000288
0.806613	1.000000	0.000257
0.807048	1.000000	0.000257
0.817707	1.000000	0.000196
0.818142	1.000000	0.000196
0.821405	1.000000	0.000178
0.821840	1.000000	0.000178
0.836415	1.000000	0.000130
0.836850	1.000000	0.000130
1.000000	1.000000	0.000000
